"index","0","1","2"
26457,0.120406973581974,0.195536297036297,0.68405672938173
26458,0.232368650793651,0.24167281052281,0.525958538683539
26459,0.0591807192807193,0.0857468781218782,0.855072402597402
26460,0.104454345654346,0.115563905538906,0.77998174880675
26461,0.115384301809302,0.216971786546787,0.667643911643912
26462,0.108616322566323,0.13790773948274,0.753475937950938
26463,0.335326351426351,0.66334468031968,0.00132896825396825
26464,0.0691720695970697,0.077276936951937,0.853550993450993
26465,0.0739372516372516,0.124689704739705,0.801373043623044
26466,0.0772802197802198,0.300410198135198,0.622309582084582
26467,0.0422211066711067,0.210450335775336,0.747328557553558
26468,0.0259219613719614,0.0364277056277056,0.937650333000333
26469,0.565870854145854,0.165940334665335,0.268188811188811
26470,0.126409057609058,0.2589725996226,0.614618342768343
26471,0.0556029831279832,0.127956626706627,0.816440390165391
26472,0.183995246420246,0.265850768675769,0.550153984903985
26473,0.0356710816960817,0.0398899295149295,0.924438988788989
26474,0.285428815628816,0.714571184371184,0
26475,0.303788278388279,0.355028019203019,0.341183702408702
26476,0.0745999111999112,0.10281124986125,0.822588838938839
26477,0.0824262126762127,0.177835617160617,0.73973817016317
26478,0.125685042735043,0.117483089133089,0.756831868131868
26479,0.0525379093129094,0.123237806637807,0.824224284049284
26480,0.0435270812520813,0.0955320623820624,0.860940856365857
26481,0.0681627816627817,0.399477575202575,0.532359643134643
26482,0.204327464202464,0.121043117993118,0.674629417804418
26483,0.0269288489288489,0.161010411810412,0.812060739260739
26484,0.166815845265846,0.39013586968587,0.443048285048285
26485,0.0213399711399711,0.041624666999667,0.937035361860361
26486,0.107353318903319,0.179488308913309,0.713158372183372
26487,0.114993226218226,0.172526476301476,0.712480297480297
26488,0.062420004995005,0.913014554889555,0.0245654401154401
26489,0.0182233738483738,0.414848681873682,0.566927944277945
26490,0.165321278721279,0.198371331446332,0.63630738983239
26491,0.0280324508824509,0.0485005328005328,0.923467016317017
26492,0.0430238816738817,0.291968797868798,0.66500732045732
26493,0.525043492618492,0.468497752247753,0.00645875513375513
26494,0.0824427627927628,0.187708125208125,0.729849111999113
26495,0.0963587745587745,0.0910438061938062,0.812597419247419
26496,0.133508433233433,0.179351628926629,0.687139937839938
26497,0.0760399073149073,0.768604365079364,0.155355727605728
26498,0.385738547563548,0.179883982683983,0.43437746975247
26499,0.0187971028971029,0.120050957375957,0.86115193972694
26500,0.0997333860583861,0.392143256743257,0.508123357198358
26501,0.222424123099123,0.158766630591631,0.618809246309246
26502,0.0134637917637918,0.0290077533577534,0.957528454878455
26503,0.30127808025308,0.244437443112443,0.454284476634476
26504,0.120172632922633,0.263130402930403,0.616696964146964
26505,0.0752863497613498,0.0998727772227772,0.824840873015873
26506,0.167551592851593,0.818953429903431,0.0134949772449772
26507,0.193344327894328,0.804385434010434,0.0022702380952381
26508,0.148112892662893,0.314696001221001,0.537191106116106
26509,0.061243167943168,0.0714716117216117,0.86728522033522
26510,0.0266281524031524,0.239137620712621,0.734234226884226
26511,0.0662459346209346,0.0705972582972584,0.863156807081807
26512,0.139321725496726,0.186855275280275,0.673822999222999
26513,0.0628391081141082,0.159122075147075,0.778038816738817
26514,0.0434639804639805,0.0752223332223333,0.881313686313686
26515,0.349371406371407,0.04729502997003,0.603333563658564
26516,0.0459151959151959,0.377674728049728,0.576410076035076
26517,0.30931500999001,0.690116858141859,0.000568131868131868
26518,0.0813042235542236,0.16906771006771,0.749628066378066
26519,0.476702192252193,0.127201837051837,0.39609597069597
26520,0.0320540348540348,0.81370061050061,0.154245354645355
26521,0.0431290487290488,0.112921903096903,0.843949048174048
26522,0.0873299561549562,0.286060323010323,0.626609720834721
26523,0.128045526695527,0.140889849039849,0.731064624264624
26524,0.0533854062604063,0.281963150738151,0.664651443001444
26525,0.236479492729493,0.112466189366189,0.651054317904318
26526,0.0279111055611056,0.067393056943057,0.904695837495837
26527,0.177917895992896,0.485734068709069,0.336348035298035
26528,0.183126759351759,0.815736818736818,0.00113642191142191
26529,0.322256826506826,0.0791678182928183,0.598575355200355
26530,0.0743749861249862,0.204363888888889,0.721261124986125
26531,0.0194194139194139,0.063789590964591,0.916790995115995
26532,0.409483005883006,0.0875176573426575,0.502999336774337
26533,0.0863008130758131,0.129471231546232,0.784227955377955
26534,0.0910883533133533,0.106428216228216,0.80248343045843
26535,0.041922163947164,0.0820066183816185,0.876071217671218
26536,0.17384526029526,0.100951504051504,0.725203235653236
26537,0.0615640470640471,0.0877201187701188,0.850715834165834
26538,0.121357201132201,0.248125310800311,0.630517488067489
26539,0.0367553502053502,0.149078318903319,0.814166330891331
26540,0.211444044844045,0.435627694527694,0.352928260628261
26541,0.0280016372516372,0.140940201465202,0.831058161283162
26542,0.0612668442668443,0.179000846375847,0.759732309357309
26543,0.141378016428017,0.140175685425686,0.718446298146298
26544,0.188057509157509,0.123423670773671,0.68851882006882
26545,0.0771182012432013,0.322735098235099,0.6001467005217
26546,0.0511212259962261,0.154010725385725,0.794868048618049
26547,0.0272086469086469,0.0632827977577978,0.909508555333556
26548,0.0409646492396492,0.0308239288489288,0.928211421911422
26549,0.465891908091908,0.533108091908092,0.001
26550,0.034324555999556,0.271967626817627,0.693707817182817
26551,0.0237456182706183,0.296018892218892,0.680235489510489
26552,0.0525365301365302,0.167742118992119,0.779721350871351
26553,0.0711544067044067,0.0806905122655123,0.848155081030081
26554,0.251366372516372,0.421071908646909,0.327561718836719
26555,0.137191364191364,0.0983817710067711,0.764426864801864
26556,0.0374315656565657,0.155619308469309,0.806949125874126
26557,0.134365953490954,0.114475949050949,0.751158097458097
26558,0.460855375180375,0.136437834387834,0.402706790431791
26559,0.211258477633478,0.081372607947608,0.707368914418915
26560,0.114103787878788,0.210583508158508,0.675312703962704
26561,0.0585264901764902,0.231493692418692,0.709979817404817
26562,0.0593561605061605,0.0797885142635143,0.860855325230326
26563,0.111291516816517,0.192490825840826,0.696217657342657
26564,0.0247615467865468,0.0703331668331669,0.904905286380286
26565,0.0956128177378178,0.530601129426129,0.373786052836053
26566,0.13349204961705,0.231797144522145,0.634710805860806
26567,0.028751134976135,0.045702380952381,0.925546484071484
26568,0.28310109057609,0.710320296370297,0.00657861305361305
26569,0.0538803862803863,0.161227211677212,0.784892402042402
26570,0.192158280608281,0.297059046509046,0.510782672882673
26571,0.0474299228549229,0.0427051975801976,0.90986487956488
26572,0.224278604728605,0.236498315573315,0.53922307969808
26573,0.10550598013098,0.206232892107892,0.688261127761128
26574,0.223538844488845,0.109726914751915,0.666734240759241
26575,0.152989016539017,0.155486621711622,0.691524361749362
26576,0.0857862443112443,0.0840679126429127,0.830145843045843
26577,0.112612620712621,0.183330441780442,0.704056937506938
26578,0.114658205683206,0.327346053946054,0.55799574037074
26579,0.368546517371518,0.631342371517372,0.000111111111111111
26580,0.136866733266733,0.139078210678211,0.724055056055056
26581,0.171164460539461,0.265335661560662,0.563499877899878
26582,0.0155293983793984,0.014566292041292,0.96990430957931
26583,0.0686263902763903,0.104951320901321,0.826422288822289
26584,0.0537204073704074,0.164465884115884,0.781813708513708
26585,0.065684324009324,0.64327745032745,0.291038225663225
26586,0.381278965478966,0.302359740259741,0.316361294261295
26587,0.266469591519592,0.361980203130203,0.371550205350205
26588,0.05556452991453,0.135230175380175,0.809205294705295
26589,0.0852495088245089,0.0892222083472084,0.825528282828282
26590,0.0873970335220336,0.523001850926851,0.389601115551115
26591,0.146366497391497,0.850955835830836,0.00267766677766678
26592,0.240468223443224,0.0976371767121767,0.661894599844601
26593,0.152495493395494,0.465916758241759,0.381587748362748
26594,0.130521642246642,0.176310023310023,0.693168334443335
26595,0.0222556776556776,0.0572048507048507,0.920539471639471
26596,0.0710939477189478,0.105204695304695,0.823701356976357
26597,0.0548745337995339,0.460775521700522,0.484349944499945
26598,0.0437969308469309,0.102936827061827,0.853266242091243
26599,0.0968574841824842,0.10367881007881,0.799463705738706
26600,0.0384173271173271,0.0675923298923299,0.893990342990343
26601,0.0434376734376735,0.176311211011211,0.780251115551115
26602,0.099735508935509,0.103974539349539,0.796289951714952
26603,0.0750355755355756,0.134692185592186,0.790272238872239
26604,0.0843953740703742,0.205892191142191,0.709712434787435
26605,0.0520231518481519,0.0921604867354868,0.855816361416362
26606,0.205647940947941,0.280844585969586,0.513507473082473
26607,0.119431979131979,0.880257331557331,0.000310689310689311
26608,0.0493516261516262,0.132195404595405,0.81845296925297
26609,0.0682480158730159,0.100266361416361,0.831485622710623
26610,0.372819708069708,0.624325255300255,0.00285503663003663
26611,0.163864360639361,0.229156346431347,0.606979292929293
26612,0.0933930430680431,0.35791023976024,0.548696717171717
26613,0.124759865134865,0.227941522366522,0.647298612498613
26614,0.0328509435009435,0.113017562992563,0.854131493506494
26615,0.171462556887557,0.201516625041625,0.627020818070819
26616,0.0627219891219891,0.039003527028527,0.898274483849484
26617,0.171841663891664,0.153444871794872,0.674713464313464
26618,0.0883298673548675,0.186495596070596,0.725174536574537
26619,0.14899923964924,0.233695193695194,0.617305566655567
26620,0.0865616189366189,0.913204614829615,0.000233766233766234
26621,0.0334309801309801,0.0325725191475192,0.9339965007215
26622,0.146906621156621,0.312903388278388,0.540189990564991
26623,0.0395994505494506,0.615032467532467,0.345368081918082
26624,0.132722866022866,0.124982667332667,0.742294466644467
26625,0.619856945831945,0.159291361416361,0.220851692751693
26626,0.13920386002886,0.107623534798535,0.753172605172606
26627,0.0593693278943279,0.117172574647575,0.823458097458098
26628,0.0372749833499833,0.0739890942390942,0.888735922410922
26629,0.0139006243756244,0.0316165695415695,0.954482806082806
26630,0.0806512321012321,0.095702022977023,0.823646744921745
26631,0.0652696941946942,0.113286971361971,0.821443334443335
26632,0.214983497058497,0.29986413031413,0.485152372627372
26633,0.0728332611832613,0.14078447940948,0.78638225940726
26634,0.0730373737373737,0.0822852147852148,0.844677411477412
26635,0.0846489954489956,0.210499775224775,0.704851229326229
26636,0.0756529137529139,0.299785664335664,0.624561421911422
26637,0.0107545954045954,0.0679312742812744,0.921314130314131
26638,0.0637212121212122,0.7225662004662,0.213712587412587
26639,0.314945584970585,0.557529317904318,0.127525097125097
26640,0.0646623487623488,0.0811431346431346,0.854194516594517
26641,0.0567144383394384,0.724388542013542,0.21889701964702
26642,0.0647455017205018,0.0876520063270064,0.847602491952491
26643,0.094686582861583,0.176864735264735,0.728448681873681
26644,0.176192013542013,0.169396739371739,0.654411247086248
26645,0.0477628232878233,0.0847998001998002,0.867437376512377
26646,0.569904351204351,0.113458080808081,0.316637567987568
26647,0.106520340770341,0.20572950937951,0.68775014985015
26648,0.0979242174492175,0.606694913419914,0.29538086913087
26649,0.0927803474303475,0.106653346653347,0.800566305916306
26650,0.624975560550561,0.36994648962149,0.00507794982794983
26651,0.480239058164058,0.519760941835942,0
26652,0.272556843156843,0.06451727994228,0.662925876900877
26653,0.115065467865468,0.0881180680430681,0.796816464091464
26654,0.110270143745144,0.553342454767455,0.336387401487401
26655,0.0947245393495394,0.246345207570208,0.658930253080253
26656,0.0908129037629038,0.150134276834277,0.75905281940282
26657,0.0872847125097126,0.227087878787879,0.685627408702408
26658,0.0900847125097125,0.235023004773005,0.674892282717282
26659,0.321919411144411,0.190350108225108,0.487730480630481
26660,0.101798673548674,0.442268650793651,0.455932675657676
26661,0.0381317765567766,0.14234178044178,0.819526443001442
26662,0.0389927405927406,0.284796148296148,0.676211111111112
26663,0.147490354090354,0.283244053169053,0.569265592740593
26664,0.0937419802419803,0.145836616161616,0.760421403596403
26665,0.217148285048285,0.235369927294927,0.547481787656787
26666,0.0644901154401156,0.55286000943501,0.382649875124875
26667,0.0843375901875902,0.0628227883227884,0.852839621489622
26668,0.086629392829393,0.483036874236874,0.430333732933733
26669,0.0980661560661561,0.410368814518815,0.49156502941503
26670,0.168191658341658,0.29074589022089,0.541062451437452
26671,0.0977604173604174,0.0884710761460762,0.813768506493506
26672,0.0379221778221778,0.0879420107670108,0.874135811410811
26673,0.123487662337662,0.230575854700855,0.645936482961483
26674,0.386889077589078,0.0541211954711955,0.558989726939727
26675,0.0968461871461872,0.305518437118437,0.597635375735375
26676,0.0693898906648907,0.0976021312021312,0.833007978132978
26677,0.0404437645687646,0.0723354756354757,0.88722075979576
26678,0.110640975690976,0.306992784992785,0.582366239316239
26679,0.280418931068931,0.118134376734377,0.601446692196693
26680,0.117003485403485,0.104506826506827,0.778489688089689
26681,0.0675518398268398,0.144625457875458,0.787822702297703
26682,0.107673479298479,0.155306637806638,0.737019882894883
26683,0.0483181401931402,0.316662179487179,0.63501968031968
26684,0.0222527361527361,0.102162279387279,0.875584984459984
26685,0.178919896769897,0.110704367854368,0.710375735375736
26686,0.041196731046731,0.126510853035853,0.832292415917415
26687,0.211402805527806,0.106252972027972,0.682344222444222
26688,0.226374250749251,0.563190698190699,0.210435051060051
26689,0.0307937784437784,0.134300457875458,0.834905763680763
26690,0.017778416028416,0.0621707403707404,0.920050843600844
26691,0.124600890775891,0.15402302974803,0.72137607947608
26692,0.0245812964812965,0.268741877566877,0.706676825951826
26693,0.390983991008991,0.117984415584416,0.491031593406593
26694,0.575472202797203,0.420894946719946,0.00363285048285048
26695,0.149664183039183,0.114293478743479,0.736042338217338
26696,0.0257805056055056,0.028385656010656,0.945833838383839
26697,0.052388616938617,0.0647599816849817,0.882851401376401
26698,0.022021423021423,0.00961305083805084,0.968365526140526
26699,0.128123398823399,0.372547996447997,0.499328604728605
26700,0.0886107031857032,0.413522510822511,0.497866785991786
26701,0.157531906981907,0.42872904040404,0.413739052614053
26702,0.185949642024642,0.341931260406261,0.472119097569098
26703,0.0847309634809636,0.136044763569764,0.779224272949272
26704,0.0563595931845932,0.127055991230991,0.816584415584415
26705,0.0745578893328894,0.128609454434455,0.796832656232656
26706,0.0929389971139972,0.158786510711511,0.748274492174492
26707,0.393217016317017,0.12528316960817,0.481499814074814
26708,0.0817153624153625,0.160652444777445,0.757632192807194
26709,0.0472578615828616,0.073885150960151,0.878856987456988
26710,0.184477738927739,0.176141847041847,0.639380414030414
26711,0.127395202020202,0.0845076923076923,0.788097105672106
26712,0.0473971556221556,0.243645501720502,0.708957342657343
26713,0.10214569042069,0.216479467754468,0.681374841824841
26714,0.12870652958153,0.227154534354535,0.644138936063936
26715,0.0680489510489511,0.409202100677101,0.522748948273948
26716,0.134772996447996,0.732358874458873,0.132868129093129
26717,0.0934581168831169,0.196489973914974,0.710051909201909
26718,0.0862015623265624,0.186862867687868,0.72693556998557
26719,0.111757897657898,0.211393267843268,0.676848834498834
26720,0.146684082584083,0.140845626595627,0.712470290820291
26721,0.0601602286602287,0.363476431901432,0.57636333943834
26722,0.123701956376956,0.166669852369852,0.709628191253192
26723,0.165931535131535,0.143341341991342,0.690727122877124
26724,0.139247938172938,0.427788383838384,0.432963677988678
26725,0.0341318931068931,0.284193401043401,0.681674705849706
26726,0.159577256077256,0.497381099456099,0.343041644466645
26727,0.088795634920635,0.111015182040182,0.800189183039183
26728,0.0987089854589856,0.385303366078366,0.515987648462649
26729,0.151424847374848,0.161701584526585,0.686873568098568
26730,0.218962579087579,0.549067429792431,0.231969991119991
26731,0.0606728243978244,0.138626642801643,0.800700532800533
26732,0.31526076978577,0.682986116661116,0.00175311355311355
26733,0.0802226551226551,0.0773218087468088,0.842455536130536
26734,0.0748587051837053,0.169263217338217,0.755878077478078
26735,0.0541546647796648,0.0978469946719947,0.847998340548341
26736,0.0876931013431015,0.317611946386946,0.594694952269952
26737,0.201314854589855,0.126516971916972,0.672168173493174
26738,0.0611871017871018,0.0985420801420802,0.840270818070818
26739,0.464858402708403,0.101512692862693,0.433628904428905
26740,0.0498713952713953,0.0856940698190699,0.864434534909535
26741,0.188690634365634,0.802266083916083,0.00904328171828172
26742,0.0770070235320236,0.239948035298036,0.683044941169942
26743,0.15924855977356,0.0574342157842158,0.783317224442225
26744,0.187794527694528,0.183686696636697,0.628518775668776
26745,0.0108982434232434,0.0636668692418693,0.925434887334887
26746,0.37575970973471,0.141788797313797,0.482451492951493
26747,0.129686413586414,0.500881041181041,0.369432545232545
26748,0.312047924297925,0.415941047841047,0.272011027861028
26749,0.0354550394050394,0.233080946830947,0.731464013764014
26750,0.0842602231102231,0.0601310134310135,0.855608763458763
26751,0.0682208763458764,0.20313465978466,0.728644463869463
26752,0.0917674741924743,0.599690323565324,0.308542202242202
26753,0.0824344294594295,0.0980880952380953,0.819477475302475
26754,0.0620048784548785,0.0436644966144967,0.894330624930626
26755,0.0538259268509269,0.111338955488956,0.834835117660118
26756,0.182097197247197,0.110186269286269,0.707716533466534
26757,0.0730071400821401,0.0452249611499612,0.881767898767899
26758,0.148633524808525,0.313484573759574,0.537881901431902
26759,0.0685183427683428,0.310703268953269,0.620778388278387
26760,0.265113825063825,0.28164395049395,0.453242224442225
26761,0.0707344988344989,0.0970525446775448,0.832212956487956
26762,0.0937657564657566,0.0952029193029194,0.811031324231324
26763,0.0862629537129538,0.19096385003885,0.722773196248197
26764,0.0717170440670441,0.30717847985348,0.621104476079477
26765,0.040388566988567,0.0392197025197025,0.92039173049173
26766,0.071846497946498,0.468179656454656,0.459973845598846
26767,0.139240806415806,0.146243351093351,0.714515842490843
26768,0.0421658369408369,0.943595257520257,0.0142389055389055
26769,0.0985230130980132,0.28456229048729,0.616914696414696
26770,0.155915015540016,0.2778752997003,0.566209684759685
26771,0.0902881174381175,0.900432012432013,0.00927987012987013
26772,0.522722616272617,0.0873247530247531,0.38995263070263
26773,0.120803807303807,0.230151573426573,0.649044619269619
26774,0.113469194694195,0.1811607004107,0.705370104895104
26775,0.0329222055722056,0.241512975912976,0.725564818514818
26776,0.0604733405483406,0.0640639416139416,0.875462717837717
26777,0.132638911088911,0.133460250860251,0.733900838050838
26778,0.0950665084915085,0.114268212343212,0.790665279165278
26779,0.0677572427572428,0.0809573121323122,0.851285445110445
26780,0.106194272394272,0.190875147075147,0.70293058053058
26781,0.0517432983682984,0.15328258963259,0.794974111999112
26782,0.0596104756354757,0.0688015151515152,0.871588009213009
26783,0.265300890775891,0.153140098790099,0.58155901043401
26784,0.12479116994117,0.451968756243756,0.423240073815074
26785,0.0842179320679322,0.188257478632479,0.727524589299589
26786,0.503011155511155,0.102860142635143,0.394128701853702
26787,0.0221655261405261,0.0224954073704074,0.955339066489067
26788,0.192357434232434,0.241609443334443,0.566033122433122
26789,0.297026828726829,0.237645987345987,0.465327183927184
26790,0.0899109890109891,0.348599658674659,0.561489352314352
26791,0.0270567543567544,0.084889948939949,0.888053296703297
26792,0.137454634254634,0.157960114885115,0.704585250860251
26793,0.0190841380841381,0.110145515595516,0.870770346320346
26794,0.0504873265623266,0.134539496614497,0.814973176823177
26795,0.0564240453990455,0.306836238761238,0.636739715839715
26796,0.229616658341658,0.769997627372627,0.000385714285714286
26797,0.109812554112554,0.28702808025308,0.603159365634366
26798,0.416616325341325,0.221205072705073,0.362178601953602
26799,0.0594957375957377,0.0912163891663892,0.849287873237873
26800,0.0635162615162615,0.932146101121101,0.00433763736263736
26801,0.0582204184704185,0.534948321123321,0.40683126040626
26802,0.125869971694972,0.102544092019092,0.771585936285937
26803,0.0589040986790987,0.201199822399822,0.739896078921079
26804,0.0735334221334222,0.186571692196692,0.739894885669886
26805,0.0513543095793096,0.128478016428017,0.820167673992674
26806,0.0708810911310912,0.21159151959152,0.717527389277389
26807,0.0524654428904429,0.0505663641913642,0.896968192918193
26808,0.0734111360861362,0.268395954045954,0.658192909867909
26809,0.0904236790986792,0.170434648684649,0.739141672216672
26810,0.0539266677766678,0.215202472527473,0.730870859695861
26811,0.0903435592185593,0.0975230769230769,0.812133363858364
26812,0.0737005827505828,0.123618242868243,0.802681174381174
26813,0.153531243756244,0.382187820512821,0.464280935730936
26814,0.119581945831946,0.115630766455766,0.764787287712288
26815,0.182986693861694,0.338543004218004,0.478470301920302
26816,0.0644811410811412,0.448670021645022,0.486848837273837
26817,0.0826046980796981,0.0583463897213898,0.859048912198913
26818,0.118407159507159,0.163895942945943,0.717696897546897
26819,0.0240286269286269,0.229067188367188,0.746904184704186
26820,0.172862853812854,0.816018198468198,0.0111189477189477
26821,0.182264355089355,0.809088808413808,0.0086468364968365
26822,0.0992934398934399,0.165685259185259,0.735021300921301
26823,0.0782995754245754,0.199604542679543,0.722095881895883
26824,0.0455841131091131,0.161985214785215,0.792430672105672
26825,0.0871647963147964,0.155254575979576,0.757580627705627
26826,0.105604911754912,0.0667826395826396,0.827612448662448
26827,0.0493078782328783,0.125399456099456,0.825292665667665
26828,0.129973118548119,0.181930106005106,0.688096775446776
26829,0.0647542984792985,0.114304431679432,0.820941269841269
26830,0.0637912226662228,0.123947427572428,0.812261349761349
26831,0.0919138417138418,0.101084035409035,0.807002122877123
26832,0.0418366633366634,0.0777244422244423,0.880438894438894
26833,0.0518578033078033,0.0815250444000443,0.866617152292152
26834,0.06380892995893,0.209209815184815,0.726981254856255
26835,0.719318831168832,0.08670125985126,0.193979908979909
26836,0.0795865301365302,0.499815259740261,0.42059821012321
26837,0.0609972055722056,0.0635629398379399,0.875439854589854
26838,0.0700984487734489,0.520082006882007,0.409819544344544
26839,0.499250394050394,0.125860902985903,0.374888702963703
26840,0.212500513375514,0.317854656454656,0.46964483016983
26841,0.0427369325119326,0.05640781995782,0.900855247530248
26842,0.0349114801864802,0.0694420607170607,0.895646459096458
26843,0.113755577755578,0.144170504495505,0.742073917748918
26844,0.09089396991897,0.670101498501499,0.239004531579532
26845,0.339367951492952,0.10802813020313,0.552603918303918
26846,0.0425951631701632,0.0747827117327117,0.882622125097125
26847,0.123273312798313,0.217023737373738,0.65970294982795
26848,0.0927934260184261,0.119530938505939,0.787675635475636
26849,0.162533336108336,0.17303374958375,0.664432914307914
26850,0.158637798312798,0.221525355200355,0.619836846486847
26851,0.132952966477967,0.313223240648241,0.553823792873793
26852,0.0966135392385393,0.556436147186148,0.346950313575314
26853,0.0522039543789544,0.0777562215562216,0.870039824064824
26854,0.151733963258963,0.842585689310689,0.00568034743034743
26855,0.0765918942168942,0.199524284049284,0.723883821733822
26856,0.20187274947275,0.116753732378732,0.681373518148519
26857,0.113847713397713,0.25003833943834,0.636113947163948
26858,0.0488483766233766,0.77443894993895,0.176712673437673
26859,0.0671317821067821,0.565645285270285,0.367222932622933
26860,0.109126806526807,0.599093911643911,0.291779281829282
26861,0.100829614829615,0.200866761016761,0.698303624153623
26862,0.0972644105894107,0.215714965589966,0.687020623820624
26863,0.0370400710400711,0.0871060273060274,0.875853901653902
26864,0.108324697524698,0.301718681318681,0.589956621156621
26865,0.105131704406704,0.162053882228882,0.732814413364414
26866,0.0270633061383061,0.0878616577866579,0.885075036075036
26867,0.0784893190143191,0.201905205905206,0.719605475080475
26868,0.0960782772782773,0.128021306471306,0.775900416250416
26869,0.0291270618270618,0.0530404678654679,0.91783247030747
26870,0.0473709373959374,0.671210636585637,0.281418426018426
26871,0.137816719391719,0.104318370518371,0.75786491008991
26872,0.062121744921745,0.145551862026862,0.792326393051393
26873,0.0757861388611389,0.160991239316239,0.763222621822623
26874,0.113707117882118,0.436785961260962,0.449506920856921
26875,0.0466179181929182,0.247297921522922,0.706084160284161
26876,0.0509581612831613,0.11950531968032,0.829536519036518
26877,0.0571297952047952,0.0838142107892108,0.859055994005994
26878,0.16211713009213,0.267265856365856,0.570617013542013
26879,0.0534886113886114,0.103540265290265,0.842971123321123
26880,0.394432312132311,0.104627136752137,0.500940551115551
26881,0.0374271117771118,0.144786865911866,0.817786022311023
26882,0.427304598179598,0.0761355783105783,0.496559823509824
26883,0.0751960428460429,0.195715293040293,0.729088664113664
26884,0.0598808330558332,0.522929820179821,0.417189346764346
26885,0.360979748029748,0.0945699716949718,0.544450280275281
26886,0.0568937950937952,0.054806018981019,0.888300185925187
26887,0.0866255910755911,0.114191505716506,0.799182903207903
26888,0.182485744810745,0.218041625041625,0.599472630147631
26889,0.108181027306027,0.167488067488068,0.724330905205905
26890,0.160386852036852,0.365587778887779,0.474025369075369
26891,0.129927553002553,0.49399131979132,0.376081127206127
26892,0.189944624819625,0.291416647241647,0.518638727938728
26893,0.0209511544011544,0.182314097014097,0.796734748584748
26894,0.0597030636030636,0.135131396381396,0.80516554001554
26895,0.120095856920857,0.388674605949606,0.491229537129537
26896,0.0920383338883339,0.229012903762904,0.678948762348763
26897,0.054154267954268,0.217750466200466,0.728095265845266
26898,0.0819185120435121,0.0750552031302031,0.843026284826285
26899,0.0697084720834721,0.13361181041181,0.796679717504717
26900,0.0748431651681653,0.282404501054501,0.642752333777334
26901,0.0192007159507159,0.186675690975691,0.794123593073594
26902,0.0410308469308469,0.0522705738705739,0.906698579198579
26903,0.102083688533689,0.185411999111999,0.712504312354312
26904,0.111050749250749,0.870575901875901,0.0183733488733489
26905,0.133398362748363,0.197150555000555,0.669451082251082
26906,0.0462083916083916,0.137455932955933,0.816335675435675
26907,0.0541219641469642,0.0668882617382618,0.878989774114774
26908,0.0400074397824398,0.275035778110778,0.684956782106781
26909,0.110417499167499,0.508474642024642,0.381107858807859
26910,0.0996240398490399,0.306148182373183,0.594227777777778
26911,0.126706487956488,0.0856808080808081,0.787612703962703
26912,0.0687642690642691,0.215223706848707,0.716012024087024
26913,0.289049728049728,0.0741063936063937,0.636843878343878
26914,0.0298368659118659,0.180266785991786,0.789896348096348
26915,0.108371145521145,0.149193972693973,0.742434881784881
26916,0.270659751359751,0.725394158619158,0.00394609002109002
26917,0.0163155760905761,0.095422607947608,0.888261815961816
26918,0.125212778887779,0.109290515040515,0.765496706071706
26919,0.581359254634255,0.190149198024198,0.228491547341547
26920,0.0605729020979022,0.182047763347763,0.757379334554334
26921,0.0155338467088467,0.691140861915862,0.293325291375292
26922,0.220597693972694,0.426673140748141,0.352729165279165
26923,0.0498391774891775,0.0571602702852703,0.893000552225552
26924,0.0673387085137086,0.112871223221223,0.819790068265068
26925,0.0583560106560107,0.0816381701631702,0.860005819180819
26926,0.146840515040515,0.272380333555333,0.580779151404152
26927,0.123393137418138,0.320334754134754,0.556272108447109
26928,0.0944053918303918,0.904028291153291,0.00156631701631702
26929,0.0716828005328006,0.340862745587745,0.587454453879454
26930,0.0715122877122878,0.598768459318459,0.329719252969253
26931,0.247194302919303,0.747281268731269,0.00552442834942835
26932,0.115683963258963,0.418365664890664,0.465950371850372
26933,0.492672127872128,0.151887967587968,0.355439904539904
26934,0.123499367299367,0.175772527472528,0.700728105228105
26935,0.0628844821844822,0.0708231462981464,0.866292371517372
26936,0.0426311188811189,0.0917004134754136,0.865668467643468
26937,0.123642291042291,0.254514690864691,0.621843018093018
26938,0.398110744810745,0.601889255189256,0
26939,0.252749014874015,0.733022435897436,0.0142285492285492
26940,0.205396991896992,0.223412737262737,0.571190270840271
26941,0.0444388250638251,0.169982559107559,0.785578615828616
26942,0.104043864468864,0.158473876123876,0.737482259407259
26943,0.0525646270396271,0.443704295704295,0.503731077256077
26944,0.107036657786658,0.104082534132534,0.788880808080808
26945,0.08377451992452,0.570449314574315,0.345776165501165
26946,0.0537834332334333,0.0993295399045399,0.846887026862027
26947,0.0449321484071484,0.200200135975136,0.754867715617716
26948,0.143523967698968,0.168976773226773,0.687499259074259
26949,0.358170895770896,0.0939884976134976,0.547840606615606
26950,0.123846708846709,0.0812474691974693,0.794905821955823
26951,0.456577025752026,0.42561842046842,0.117804553779554
26952,0.182503421578422,0.150733566433566,0.666763011988011
26953,0.0195890220890221,0.0306123321123321,0.949798645798646
26954,0.041733238983239,0.108384398934399,0.849882362082363
26955,0.075426578976579,0.502136888111888,0.422436532911533
26956,0.117850527250527,0.216501978576979,0.665647494172494
26957,0.700375496725497,0.0980984265734267,0.201526076701077
26958,0.306062945387945,0.168554908979909,0.525382145632145
26959,0.133343348318348,0.228280710955711,0.638375940725941
26960,0.10868802031302,0.184807320457321,0.706504659229659
26961,0.0781713924963925,0.161926434676435,0.759902172827173
26962,0.0570792485292486,0.628068142968143,0.314852608502609
26963,0.390983991008991,0.117984415584416,0.491031593406593
26964,0.0777406454656455,0.241380919080919,0.680878435453436
26965,0.0596068320568321,0.419773773448774,0.520619394494394
26966,0.0920383338883339,0.229012903762904,0.678948762348763
26967,0.0619560800310801,0.105611968586969,0.832431951381951
26968,0.0889197996447997,0.264050749250749,0.647029451104451
26969,0.0600986374736375,0.0969919469419469,0.842909415584415
26970,0.173599922299922,0.147545104895105,0.678854972804972
26971,0.0668811605061606,0.236365914640915,0.696752924852925
26972,0.288896631146631,0.393752583527583,0.317350785325786
26973,0.117486607836608,0.13795187035187,0.744561521811522
26974,0.146348021423021,0.10925125985126,0.744400718725718
26975,0.0738271894771895,0.0750898795648796,0.851082930957931
26976,0.233978990453991,0.75774000999001,0.00828099955599955
26977,0.0632733266733267,0.188639427239427,0.748087246087245
26978,0.0597101620601621,0.246488206238206,0.693801631701632
26979,0.182828779553779,0.286223357198357,0.530947863247863
26980,0.160327594627595,0.138888922188922,0.700783483183483
26981,0.06926665001665,0.46093984903985,0.469793500943501
26982,0.101054206904207,0.174942973692974,0.72400281940282
26983,0.0944838661338662,0.228966772116772,0.676549361749361
26984,0.17520917970918,0.198538561438562,0.626252258852259
26985,0.0627849206349207,0.251790692640693,0.685424386724387
26986,0.0989785353535354,0.0343342546342546,0.86668721001221
26987,0.0632105117105118,0.706317601842603,0.230471886446887
26988,0.0826204878454879,0.435822072372072,0.481557439782439
26989,0.123419166944167,0.22482277999778,0.651758053058052
26990,0.045376085026085,0.0565988761238761,0.898025038850039
26991,0.0367419524919525,0.0744223276723277,0.88883571983572
26992,0.149452702852703,0.344703288378288,0.505844008769009
26993,0.0355092546342546,0.0615153651903652,0.90297538017538
26994,0.272702972027972,0.150864252414252,0.576432775557775
26995,0.0769054334554335,0.209535986235986,0.713558580308581
26996,0.0639091186591187,0.186514196914197,0.749576684426685
26997,0.30437493062493,0.316331160506161,0.379293908868909
26998,0.174147039072039,0.0977698884448885,0.728083072483073
26999,0.362752791652791,0.112986935286935,0.524260273060273
27000,0.0579569264069265,0.415940856365856,0.526102217227217
27001,0.0887287351537352,0.439984845709846,0.471286419136419
27002,0.0908391525141525,0.256136746586747,0.653024100899101
27003,0.141880386280386,0.223331596181596,0.634788017538018
27004,0.0687292235542236,0.139065811965812,0.792204964479965
27005,0.11020995948496,0.523313203463203,0.366476837051837
27006,0.0644628427128427,0.0486689088689089,0.886868248418248
27007,0.14308190975691,0.359765137640138,0.497152952602953
27008,0.193523512598513,0.321405863580863,0.485070623820624
27009,0.0416278110778111,0.222305663780664,0.736066525141525
27010,0.0771235431235431,0.257762795537795,0.665113661338662
27011,0.173959090909091,0.447147874347875,0.378893034743035
27012,0.0591153513153514,0.0559405871905872,0.884944061494062
27013,0.121534915084915,0.141735145410145,0.73672993950494
27014,0.069530255855256,0.534885819735819,0.395583924408924
27015,0.216812751137751,0.155424222999223,0.627763025863025
27016,0.04839391996892,0.102425077700078,0.849181002331003
27017,0.0558207403707404,0.0789519397269398,0.86522731990232
27018,0.147163689088689,0.102844083694084,0.749992227217228
27019,0.110079512154512,0.214314402264402,0.675606085581086
27020,0.0612163392163393,0.467856290931291,0.47092736985237
27021,0.0863078615828617,0.386393467643468,0.527298670773671
27022,0.0464937090687091,0.155889690864691,0.797616600066601
27023,0.0975514541014542,0.40173061105561,0.500717934842935
27024,0.0960021478521479,0.195296120546121,0.708701731601731
27025,0.182279070929071,0.0529965173715174,0.764724411699412
27026,0.0612021367521368,0.136884437784438,0.801913425463425
27027,0.0915801615051616,0.0309727272727273,0.877447111222112
27028,0.222950924075924,0.302775163725163,0.474273912198912
27029,0.0296999361749362,0.129601015651016,0.840699048174048
27030,0.0465326673326674,0.477171747696748,0.476295584970585
27031,0.492600746475747,0.286502775002775,0.220896478521479
27032,0.0757778887778888,0.187103196803197,0.737118914418915
27033,0.115906654456654,0.0993657953157953,0.784727550227551
27034,0.184466480741481,0.29552342934843,0.52001008991009
27035,0.674700016650017,0.100703354978355,0.224596628371629
27036,0.0444927738927739,0.0433937395937396,0.912113486513487
27037,0.181396891996892,0.216450718725719,0.602152389277389
27038,0.0586923382173382,0.126337973137973,0.814969688644689
27039,0.385758133533133,0.23450478965479,0.379737076812076
27040,0.154550202575203,0.108304556554557,0.73714524087024
27041,0.0181291763791764,0.0635159618159618,0.918354861804862
27042,0.311189441114441,0.688057012432012,0.000753546453546453
27043,0.072482104007104,0.119202045177045,0.808315850815851
27044,0.0273198551448551,0.0445546037296037,0.928125541125541
27045,0.0405231435231435,0.160945904095904,0.798530952380953
27046,0.0856973720723721,0.140214704739705,0.774087923187923
27047,0.139221386946387,0.286717235542235,0.574061377511377
27048,0.265823248973249,0.734176751026751,0
27049,0.136081987456988,0.498348587523587,0.365569425019425
27050,0.0812171828171829,0.129928646353646,0.788854170829171
27051,0.0652056193806195,0.416805380730381,0.517988999889
27052,0.0672467310467311,0.15909300976801,0.77366025918526
27053,0.173939499389499,0.191655003330003,0.634405497280497
27054,0.145469014319014,0.0957441308691309,0.758786854811854
27055,0.209052711177711,0.788805044955045,0.00214224386724387
27056,0.0824758685758686,0.914281887556887,0.00324224386724387
27057,0.0592692363192364,0.219689832389833,0.721040931290931
27058,0.248592327117327,0.35093727938728,0.400470393495393
27059,0.234983094683095,0.266534673659673,0.498482231657231
27060,0.113775496725497,0.236293672993673,0.649930830280831
27061,0.502917857142857,0.157478801753802,0.339603341103341
27062,0.216777597402598,0.0716444444444445,0.711577958152958
27063,0.0369241896991897,0.0944315184815185,0.868644291819292
27064,0.0206044455544455,0.027670202020202,0.951725352425353
27065,0.108689801864802,0.225428360528361,0.665881837606838
27066,0.103135914085914,0.0995110667110668,0.797353019203019
27067,0.121332656232656,0.161300863025863,0.71736648074148
27068,0.529026007326007,0.0916213952713953,0.379352597402598
27069,0.0250879370629371,0.0570614885114885,0.917850574425575
27070,0.0608775918525919,0.0881990925740926,0.850923315573316
27071,0.0685429847929848,0.122247133422133,0.809209881784882
27072,0.0380019203019203,0.270274877899878,0.691723201798203
27073,0.0500887778887779,0.123801653901654,0.826109568209569
27074,0.104503518703519,0.310763963813964,0.584732517482518
27075,0.157754750804751,0.174463106338107,0.667782142857143
27076,0.16805043012543,0.114935866910867,0.717013702963703
27077,0.0408964951714952,0.0912755300255301,0.867827974802975
27078,0.0472132228882229,0.119042127317127,0.83374464979465
27079,0.0494280858030859,0.141848271173271,0.808723643023643
27080,0.0764665057165058,0.635738797313798,0.287794696969697
27081,0.0912913475413476,0.0627677877677878,0.845940864690864
27082,0.0745509074259075,0.0479438616938617,0.877505230880231
27083,0.0743442307692308,0.120992107892108,0.804663661338662
27084,0.075306007881008,0.46611539016539,0.458578601953602
27085,0.0844828088578089,0.0654336052836053,0.850083585858586
27086,0.257778019203019,0.148679065379066,0.593542915417915
27087,0.105912998112998,0.1562805999556,0.737806401931402
27088,0.0263122266622267,0.0763337246087247,0.897354048729049
27089,0.069141835941836,0.114839327339327,0.816018836718836
27090,0.0230773393273393,0.127639291264291,0.849283369408369
27091,0.152909024309024,0.412045657120657,0.435045318570319
27092,0.180163425463426,0.799303971028971,0.0205326035076035
27093,0.100423715173715,0.277645562770563,0.621930722055722
27094,0.221364904539905,0.0799001137751138,0.698734981684981
27095,0.0364119297369297,0.0552380480630481,0.908350022200021
27096,0.240888095238095,0.63092745032745,0.128184454434455
27097,0.112452383727384,0.403637076812077,0.483910539460539
27098,0.097315811965812,0.294075457875458,0.60860873015873
27099,0.025820535020535,0.0502118464868465,0.923967618492619
27100,0.0518600427350428,0.0991148823398824,0.849025074925075
27101,0.0876569402819404,0.327432281607282,0.584910778110778
27102,0.0322879481629482,0.11321283993784,0.854499211899212
27103,0.0526766983016984,0.224852727827728,0.722470573870573
27104,0.208511602286602,0.0960667804417805,0.695421617271617
27105,0.102059854034854,0.051117440892441,0.846822705072705
27106,0.0502142995892996,0.111172602397602,0.838613098013098
27107,0.0915269591519592,0.248828105228105,0.659644935619936
27108,0.0385048701298701,0.117323778998779,0.84417135087135
27109,0.148531096681097,0.192888658563659,0.658580244755244
27110,0.123020104895105,0.108295226995227,0.768684668109668
27111,0.0565620240870241,0.0963327478077478,0.847105228105228
27112,0.778916766566767,0.0787603285603286,0.142322904872905
27113,0.0425878010878011,0.0602926712176713,0.897119527694528
27114,0.20738136030636,0.125057559107559,0.66756108058608
27115,0.211460042735042,0.488189005439005,0.300350951825952
27116,0.147515023865024,0.267160542235542,0.585324433899434
27117,0.105484027084027,0.649054850704851,0.245461122211122
